240,248,255,0,aliceblue
240,248,255,11,AliceBlue
250,235,215,21,antiquewhite
250,235,215,35,AntiqueWhite
255,239,219,48,AntiqueWhite1
238,223,204,62,AntiqueWhite2
205,192,176,76,AntiqueWhite3
139,131,120,90,AntiqueWhite4
0,255,255,104,aqua
127,255,212,109,aquamarine
127,255,212,120,aquamarine1
118,238,198,132,aquamarine2
102,205,170,144,aquamarine3
69,139,116,156,aquamarine4
240,255,255,168,azure
240,255,255,174,azure1
224,238,238,181,azure2
193,205,205,188,azure3
131,139,139,195,azure4
245,245,220,202,beige
255,228,196,208,bisque
255,228,196,215,bisque1
238,213,183,223,bisque2
205,183,158,231,bisque3
139,125,107,239,bisque4
0,0,0,247,black
255,235,205,253,blanchedalmond
255,235,205,269,BlanchedAlmond
0,0,255,284,blue
138,43,226,289,blueviolet
0,0,255,301,blue1
0,0,238,307,blue2
0,0,205,313,blue3
0,0,139,319,blue4
138,43,226,325,BlueViolet
165,42,42,336,brown
255,64,64,342,brown1
238,59,59,349,brown2
205,51,51,356,brown3
139,35,35,363,brown4
222,184,135,370,burlywood
255,211,155,380,burlywood1
238,197,145,391,burlywood2
205,170,125,402,burlywood3
139,115,85,413,burlywood4
95,158,160,424,cadetblue
95,158,160,435,CadetBlue
152,245,255,445,CadetBlue1
142,229,238,456,CadetBlue2
122,197,205,467,CadetBlue3
83,134,139,478,CadetBlue4
127,255,0,489,chartreuse
127,255,0,500,chartreuse1
118,238,0,512,chartreuse2
102,205,0,524,chartreuse3
69,139,0,536,chartreuse4
210,105,30,548,chocolate
255,127,36,558,chocolate1
238,118,33,569,chocolate2
205,102,29,580,chocolate3
139,69,19,591,chocolate4
255,127,80,602,coral
255,114,86,608,coral1
238,106,80,615,coral2
205,91,69,622,coral3
139,62,47,629,coral4
100,149,237,636,cornflowerblue
100,149,237,652,CornflowerBlue
255,248,220,667,cornsilk
255,248,220,676,cornsilk1
238,232,205,686,cornsilk2
205,200,177,696,cornsilk3
139,136,120,706,cornsilk4
220,20,60,716,crimson
0,255,255,724,cyan
0,255,255,729,cyan1
0,238,238,735,cyan2
0,205,205,741,cyan3
0,139,139,747,cyan4
0,0,139,753,darkblue
0,139,139,763,darkcyan
184,134,11,773,darkgoldenrod
169,169,169,788,darkgray
0,100,0,798,darkgreen
169,169,169,809,darkgrey
189,183,107,819,darkkhaki
139,0,139,830,darkmagenta
85,107,47,843,darkolivegreen
255,140,0,860,darkorange
153,50,204,872,darkorchid
139,0,0,884,darkred
233,150,122,893,darksalmon
143,188,143,905,darkseagreen
72,61,139,920,darkslateblue
47,79,79,936,darkslategray
47,79,79,952,darkslategrey
0,206,209,968,darkturquoise
148,0,211,983,darkviolet
0,0,139,995,DarkBlue
0,139,139,1004,DarkCyan
184,134,11,1013,DarkGoldenrod
255,185,15,1027,DarkGoldenrod1
238,173,14,1042,DarkGoldenrod2
205,149,12,1057,DarkGoldenrod3
139,101,8,1072,DarkGoldenrod4
169,169,169,1087,DarkGray
0,100,0,1096,DarkGreen
169,169,169,1106,DarkGrey
189,183,107,1115,DarkKhaki
139,0,139,1125,DarkMagenta
85,107,47,1137,DarkOliveGreen
202,255,112,1152,DarkOliveGreen1
188,238,104,1168,DarkOliveGreen2
162,205,90,1184,DarkOliveGreen3
110,139,61,1200,DarkOliveGreen4
255,140,0,1216,DarkOrange
255,127,0,1227,DarkOrange1
238,118,0,1239,DarkOrange2
205,102,0,1251,DarkOrange3
139,69,0,1263,DarkOrange4
153,50,204,1275,DarkOrchid
191,62,255,1286,DarkOrchid1
178,58,238,1298,DarkOrchid2
154,50,205,1310,DarkOrchid3
104,34,139,1322,DarkOrchid4
139,0,0,1334,DarkRed
233,150,122,1342,DarkSalmon
143,188,143,1353,DarkSeaGreen
193,255,193,1366,DarkSeaGreen1
180,238,180,1380,DarkSeaGreen2
155,205,155,1394,DarkSeaGreen3
105,139,105,1408,DarkSeaGreen4
72,61,139,1422,DarkSlateBlue
47,79,79,1436,DarkSlateGray
151,255,255,1450,DarkSlateGray1
141,238,238,1465,DarkSlateGray2
121,205,205,1480,DarkSlateGray3
82,139,139,1495,DarkSlateGray4
47,79,79,1510,DarkSlateGrey
0,206,209,1524,DarkTurquoise
148,0,211,1538,DarkViolet
255,20,147,1549,deeppink
0,191,255,1559,deepskyblue
255,20,147,1573,DeepPink
255,20,147,1582,DeepPink1
238,18,137,1592,DeepPink2
205,16,118,1602,DeepPink3
139,10,80,1612,DeepPink4
0,191,255,1622,DeepSkyBlue
0,191,255,1634,DeepSkyBlue1
0,178,238,1647,DeepSkyBlue2
0,154,205,1660,DeepSkyBlue3
0,104,139,1673,DeepSkyBlue4
105,105,105,1686,dimgray
105,105,105,1695,dimgrey
105,105,105,1704,DimGray
105,105,105,1712,DimGrey
30,144,255,1720,dodgerblue
30,144,255,1732,DodgerBlue
30,144,255,1743,DodgerBlue1
28,134,238,1755,DodgerBlue2
24,116,205,1767,DodgerBlue3
16,78,139,1779,DodgerBlue4
178,34,34,1791,firebrick
255,48,48,1801,firebrick1
238,44,44,1812,firebrick2
205,38,38,1823,firebrick3
139,26,26,1834,firebrick4
255,250,240,1845,floralwhite
255,250,240,1858,FloralWhite
34,139,34,1870,forestgreen
34,139,34,1883,ForestGreen
255,0,255,1895,fuchsia
220,220,220,1903,gainsboro
248,248,255,1913,ghostwhite
248,248,255,1925,GhostWhite
255,215,0,1936,gold
255,215,0,1941,gold1
238,201,0,1947,gold2
205,173,0,1953,gold3
139,117,0,1959,gold4
218,165,32,1965,goldenrod
255,193,37,1975,goldenrod1
238,180,34,1986,goldenrod2
205,155,29,1997,goldenrod3
139,105,20,2008,goldenrod4
190,190,190,2019,gray
0,0,0,2024,gray0
3,3,3,2030,gray1
26,26,26,2036,gray10
255,255,255,2043,gray100
28,28,28,2051,gray11
31,31,31,2058,gray12
33,33,33,2065,gray13
36,36,36,2072,gray14
38,38,38,2079,gray15
41,41,41,2086,gray16
43,43,43,2093,gray17
46,46,46,2100,gray18
48,48,48,2107,gray19
5,5,5,2114,gray2
51,51,51,2120,gray20
54,54,54,2127,gray21
56,56,56,2134,gray22
59,59,59,2141,gray23
61,61,61,2148,gray24
64,64,64,2155,gray25
66,66,66,2162,gray26
69,69,69,2169,gray27
71,71,71,2176,gray28
74,74,74,2183,gray29
8,8,8,2190,gray3
77,77,77,2196,gray30
79,79,79,2203,gray31
82,82,82,2210,gray32
84,84,84,2217,gray33
87,87,87,2224,gray34
89,89,89,2231,gray35
92,92,92,2238,gray36
94,94,94,2245,gray37
97,97,97,2252,gray38
99,99,99,2259,gray39
10,10,10,2266,gray4
102,102,102,2272,gray40
105,105,105,2279,gray41
107,107,107,2286,gray42
110,110,110,2293,gray43
112,112,112,2300,gray44
115,115,115,2307,gray45
117,117,117,2314,gray46
120,120,120,2321,gray47
122,122,122,2328,gray48
125,125,125,2335,gray49
13,13,13,2342,gray5
127,127,127,2348,gray50
130,130,130,2355,gray51
133,133,133,2362,gray52
135,135,135,2369,gray53
138,138,138,2376,gray54
140,140,140,2383,gray55
143,143,143,2390,gray56
145,145,145,2397,gray57
148,148,148,2404,gray58
150,150,150,2411,gray59
15,15,15,2418,gray6
153,153,153,2424,gray60
156,156,156,2431,gray61
158,158,158,2438,gray62
161,161,161,2445,gray63
163,163,163,2452,gray64
166,166,166,2459,gray65
168,168,168,2466,gray66
171,171,171,2473,gray67
173,173,173,2480,gray68
176,176,176,2487,gray69
18,18,18,2494,gray7
179,179,179,2500,gray70
181,181,181,2507,gray71
184,184,184,2514,gray72
186,186,186,2521,gray73
189,189,189,2528,gray74
191,191,191,2535,gray75
194,194,194,2542,gray76
196,196,196,2549,gray77
199,199,199,2556,gray78
201,201,201,2563,gray79
20,20,20,2570,gray8
204,204,204,2576,gray80
207,207,207,2583,gray81
209,209,209,2590,gray82
212,212,212,2597,gray83
214,214,214,2604,gray84
217,217,217,2611,gray85
219,219,219,2618,gray86
222,222,222,2625,gray87
224,224,224,2632,gray88
227,227,227,2639,gray89
23,23,23,2646,gray9
229,229,229,2652,gray90
232,232,232,2659,gray91
235,235,235,2666,gray92
237,237,237,2673,gray93
240,240,240,2680,gray94
242,242,242,2687,gray95
245,245,245,2694,gray96
247,247,247,2701,gray97
250,250,250,2708,gray98
252,252,252,2715,gray99
0,255,0,2722,green
173,255,47,2728,greenyellow
0,255,0,2741,green1
0,238,0,2748,green2
0,205,0,2755,green3
0,139,0,2762,green4
173,255,47,2769,GreenYellow
190,190,190,2781,grey
0,0,0,2786,grey0
3,3,3,2792,grey1
26,26,26,2798,grey10
255,255,255,2805,grey100
28,28,28,2813,grey11
31,31,31,2820,grey12
33,33,33,2827,grey13
36,36,36,2834,grey14
38,38,38,2841,grey15
41,41,41,2848,grey16
43,43,43,2855,grey17
46,46,46,2862,grey18
48,48,48,2869,grey19
5,5,5,2876,grey2
51,51,51,2882,grey20
54,54,54,2889,grey21
56,56,56,2896,grey22
59,59,59,2903,grey23
61,61,61,2910,grey24
64,64,64,2917,grey25
66,66,66,2924,grey26
69,69,69,2931,grey27
71,71,71,2938,grey28
74,74,74,2945,grey29
8,8,8,2952,grey3
77,77,77,2958,grey30
79,79,79,2965,grey31
82,82,82,2972,grey32
84,84,84,2979,grey33
87,87,87,2986,grey34
89,89,89,2993,grey35
92,92,92,3000,grey36
94,94,94,3007,grey37
97,97,97,3014,grey38
99,99,99,3021,grey39
10,10,10,3028,grey4
102,102,102,3034,grey40
105,105,105,3041,grey41
107,107,107,3048,grey42
110,110,110,3055,grey43
112,112,112,3062,grey44
115,115,115,3069,grey45
117,117,117,3076,grey46
120,120,120,3083,grey47
122,122,122,3090,grey48
125,125,125,3097,grey49
13,13,13,3104,grey5
127,127,127,3110,grey50
130,130,130,3117,grey51
133,133,133,3124,grey52
135,135,135,3131,grey53
138,138,138,3138,grey54
140,140,140,3145,grey55
143,143,143,3152,grey56
145,145,145,3159,grey57
148,148,148,3166,grey58
150,150,150,3173,grey59
15,15,15,3180,grey6
153,153,153,3186,grey60
156,156,156,3193,grey61
158,158,158,3200,grey62
161,161,161,3207,grey63
163,163,163,3214,grey64
166,166,166,3221,grey65
168,168,168,3228,grey66
171,171,171,3235,grey67
173,173,173,3242,grey68
176,176,176,3249,grey69
18,18,18,3256,grey7
179,179,179,3262,grey70
181,181,181,3269,grey71
184,184,184,3276,grey72
186,186,186,3283,grey73
189,189,189,3290,grey74
191,191,191,3297,grey75
194,194,194,3304,grey76
196,196,196,3311,grey77
199,199,199,3318,grey78
201,201,201,3325,grey79
20,20,20,3332,grey8
204,204,204,3338,grey80
207,207,207,3345,grey81
209,209,209,3352,grey82
212,212,212,3359,grey83
214,214,214,3366,grey84
217,217,217,3373,grey85
219,219,219,3380,grey86
222,222,222,3387,grey87
224,224,224,3394,grey88
227,227,227,3401,grey89
23,23,23,3408,grey9
229,229,229,3414,grey90
232,232,232,3421,grey91
235,235,235,3428,grey92
237,237,237,3435,grey93
240,240,240,3442,grey94
242,242,242,3449,grey95
245,245,245,3456,grey96
247,247,247,3463,grey97
250,250,250,3470,grey98
252,252,252,3477,grey99
240,255,240,3484,honeydew
240,255,240,3493,honeydew1
224,238,224,3503,honeydew2
193,205,193,3513,honeydew3
131,139,131,3523,honeydew4
255,105,180,3533,hotpink
255,105,180,3542,HotPink
255,110,180,3550,HotPink1
238,106,167,3559,HotPink2
205,96,144,3568,HotPink3
139,58,98,3577,HotPink4
205,92,92,3586,indianred
205,92,92,3597,IndianRed
255,106,106,3607,IndianRed1
238,99,99,3618,IndianRed2
205,85,85,3629,IndianRed3
139,58,58,3640,IndianRed4
75,0,130,3651,indigo
255,255,240,3658,ivory
255,255,240,3664,ivory1
238,238,224,3671,ivory2
205,205,193,3678,ivory3
139,139,131,3685,ivory4
240,230,140,3692,khaki
255,246,143,3698,khaki1
238,230,133,3705,khaki2
205,198,115,3712,khaki3
139,134,78,3719,khaki4
230,230,250,3726,lavender
255,240,245,3735,lavenderblush
255,240,245,3750,LavenderBlush
255,240,245,3764,LavenderBlush1
238,224,229,3779,LavenderBlush2
205,193,197,3794,LavenderBlush3
139,131,134,3809,LavenderBlush4
124,252,0,3824,lawngreen
124,252,0,3835,LawnGreen
255,250,205,3845,lemonchiffon
255,250,205,3859,LemonChiffon
255,250,205,3872,LemonChiffon1
238,233,191,3886,LemonChiffon2
205,201,165,3900,LemonChiffon3
139,137,112,3914,LemonChiffon4
173,216,230,3928,lightblue
240,128,128,3939,lightcoral
224,255,255,3951,lightcyan
238,221,130,3962,lightgoldenrod
250,250,210,3978,lightgoldenrodyellow
211,211,211,4001,lightgray
144,238,144,4012,lightgreen
211,211,211,4024,lightgrey
255,182,193,4035,lightpink
255,160,122,4046,lightsalmon
32,178,170,4059,lightseagreen
135,206,250,4075,lightskyblue
132,112,255,4090,lightslateblue
119,136,153,4107,lightslategray
119,136,153,4124,lightslategrey
176,196,222,4141,lightsteelblue
255,255,224,4158,lightyellow
173,216,230,4171,LightBlue
191,239,255,4181,LightBlue1
178,223,238,4192,LightBlue2
154,192,205,4203,LightBlue3
104,131,139,4214,LightBlue4
240,128,128,4225,LightCoral
224,255,255,4236,LightCyan
224,255,255,4246,LightCyan1
209,238,238,4257,LightCyan2
180,205,205,4268,LightCyan3
122,139,139,4279,LightCyan4
238,221,130,4290,LightGoldenrod
255,236,139,4305,LightGoldenrod1
238,220,130,4321,LightGoldenrod2
205,190,112,4337,LightGoldenrod3
139,129,76,4353,LightGoldenrod4
250,250,210,4369,LightGoldenrodYellow
211,211,211,4390,LightGray
144,238,144,4400,LightGreen
211,211,211,4411,LightGrey
255,182,193,4421,LightPink
255,174,185,4431,LightPink1
238,162,173,4442,LightPink2
205,140,149,4453,LightPink3
139,95,101,4464,LightPink4
255,160,122,4475,LightSalmon
255,160,122,4487,LightSalmon1
238,149,114,4500,LightSalmon2
205,129,98,4513,LightSalmon3
139,87,66,4526,LightSalmon4
32,178,170,4539,LightSeaGreen
135,206,250,4553,LightSkyBlue
176,226,255,4566,LightSkyBlue1
164,211,238,4580,LightSkyBlue2
141,182,205,4594,LightSkyBlue3
96,123,139,4608,LightSkyBlue4
132,112,255,4622,LightSlateBlue
119,136,153,4637,LightSlateGray
119,136,153,4652,LightSlateGrey
176,196,222,4667,LightSteelBlue
202,225,255,4682,LightSteelBlue1
188,210,238,4698,LightSteelBlue2
162,181,205,4714,LightSteelBlue3
110,123,139,4730,LightSteelBlue4
255,255,224,4746,LightYellow
255,255,224,4758,LightYellow1
238,238,209,4771,LightYellow2
205,205,180,4784,LightYellow3
139,139,122,4797,LightYellow4
0,255,0,4810,lime
50,205,50,4815,limegreen
50,205,50,4826,LimeGreen
250,240,230,4836,linen
255,0,255,4842,magenta
255,0,255,4850,magenta1
238,0,238,4859,magenta2
205,0,205,4868,magenta3
139,0,139,4877,magenta4
176,48,96,4886,maroon
255,52,179,4893,maroon1
238,48,167,4901,maroon2
205,41,144,4909,maroon3
139,28,98,4917,maroon4
102,205,170,4925,mediumaquamarine
0,0,205,4943,mediumblue
186,85,211,4955,mediumorchid
147,112,219,4969,mediumpurple
60,179,113,4983,mediumseagreen
123,104,238,5000,mediumslateblue
0,250,154,5018,mediumspringgreen
72,209,204,5038,mediumturquoise
199,21,133,5055,mediumvioletred
102,205,170,5073,MediumAquamarine
0,0,205,5090,MediumBlue
186,85,211,5101,MediumOrchid
224,102,255,5114,MediumOrchid1
209,95,238,5128,MediumOrchid2
180,82,205,5142,MediumOrchid3
122,55,139,5156,MediumOrchid4
147,112,219,5170,MediumPurple
171,130,255,5183,MediumPurple1
159,121,238,5197,MediumPurple2
137,104,205,5211,MediumPurple3
93,71,139,5225,MediumPurple4
60,179,113,5239,MediumSeaGreen
123,104,238,5254,MediumSlateBlue
0,250,154,5270,MediumSpringGreen
72,209,204,5288,MediumTurquoise
199,21,133,5304,MediumVioletRed
25,25,112,5320,midnightblue
25,25,112,5334,MidnightBlue
245,255,250,5347,mintcream
245,255,250,5358,MintCream
255,228,225,5368,mistyrose
255,228,225,5379,MistyRose
255,228,225,5389,MistyRose1
238,213,210,5400,MistyRose2
205,183,181,5411,MistyRose3
139,125,123,5422,MistyRose4
255,228,181,5433,moccasin
255,222,173,5442,navajowhite
255,222,173,5455,NavajoWhite
255,222,173,5467,NavajoWhite1
238,207,161,5480,NavajoWhite2
205,179,139,5493,NavajoWhite3
139,121,94,5506,NavajoWhite4
0,0,128,5519,navy
0,0,128,5524,navyblue
0,0,128,5534,NavyBlue
253,245,230,5543,oldlace
253,245,230,5552,OldLace
128,128,0,5560,olive
107,142,35,5566,olivedrab
107,142,35,5577,OliveDrab
192,255,62,5587,OliveDrab1
179,238,58,5598,OliveDrab2
154,205,50,5609,OliveDrab3
105,139,34,5620,OliveDrab4
255,165,0,5631,orange
255,69,0,5638,orangered
255,165,0,5649,orange1
238,154,0,5657,orange2
205,133,0,5665,orange3
139,90,0,5673,orange4
255,69,0,5681,OrangeRed
255,69,0,5691,OrangeRed1
238,64,0,5702,OrangeRed2
205,55,0,5713,OrangeRed3
139,37,0,5724,OrangeRed4
218,112,214,5735,orchid
255,131,250,5742,orchid1
238,122,233,5750,orchid2
205,105,201,5758,orchid3
139,71,137,5766,orchid4
238,232,170,5774,palegoldenrod
152,251,152,5789,palegreen
175,238,238,5800,paleturquoise
219,112,147,5815,palevioletred
238,232,170,5831,PaleGoldenrod
152,251,152,5845,PaleGreen
154,255,154,5855,PaleGreen1
144,238,144,5866,PaleGreen2
124,205,124,5877,PaleGreen3
84,139,84,5888,PaleGreen4
175,238,238,5899,PaleTurquoise
187,255,255,5913,PaleTurquoise1
174,238,238,5928,PaleTurquoise2
150,205,205,5943,PaleTurquoise3
102,139,139,5958,PaleTurquoise4
219,112,147,5973,PaleVioletRed
255,130,171,5987,PaleVioletRed1
238,121,159,6002,PaleVioletRed2
205,104,137,6017,PaleVioletRed3
139,71,93,6032,PaleVioletRed4
255,239,213,6047,papayawhip
255,239,213,6059,PapayaWhip
255,218,185,6070,peachpuff
255,218,185,6081,PeachPuff
255,218,185,6091,PeachPuff1
238,203,173,6102,PeachPuff2
205,175,149,6113,PeachPuff3
139,119,101,6124,PeachPuff4
205,133,63,6135,peru
255,192,203,6140,pink
255,181,197,6145,pink1
238,169,184,6151,pink2
205,145,158,6157,pink3
139,99,108,6163,pink4
221,160,221,6169,plum
255,187,255,6174,plum1
238,174,238,6180,plum2
205,150,205,6186,plum3
139,102,139,6192,plum4
176,224,230,6198,powderblue
176,224,230,6210,PowderBlue
160,32,240,6221,purple
155,48,255,6228,purple1
145,44,238,6236,purple2
125,38,205,6244,purple3
85,26,139,6252,purple4
102,51,153,6260,rebeccapurple
102,51,153,6275,RebeccaPurple
255,0,0,6289,red
255,0,0,6293,red1
238,0,0,6298,red2
205,0,0,6303,red3
139,0,0,6308,red4
188,143,143,6313,rosybrown
188,143,143,6324,RosyBrown
255,193,193,6334,RosyBrown1
238,180,180,6345,RosyBrown2
205,155,155,6356,RosyBrown3
139,105,105,6367,RosyBrown4
65,105,225,6378,royalblue
65,105,225,6389,RoyalBlue
72,118,255,6399,RoyalBlue1
67,110,238,6410,RoyalBlue2
58,95,205,6421,RoyalBlue3
39,64,139,6432,RoyalBlue4
139,69,19,6443,saddlebrown
139,69,19,6456,SaddleBrown
250,128,114,6468,salmon
255,140,105,6475,salmon1
238,130,98,6483,salmon2
205,112,84,6491,salmon3
139,76,57,6499,salmon4
244,164,96,6507,sandybrown
244,164,96,6519,SandyBrown
46,139,87,6530,seagreen
46,139,87,6540,SeaGreen
84,255,159,6549,SeaGreen1
78,238,148,6559,SeaGreen2
67,205,128,6569,SeaGreen3
46,139,87,6579,SeaGreen4
255,245,238,6589,seashell
255,245,238,6598,seashell1
238,229,222,6608,seashell2
205,197,191,6618,seashell3
139,134,130,6628,seashell4
160,82,45,6638,sienna
255,130,71,6645,sienna1
238,121,66,6653,sienna2
205,104,57,6661,sienna3
139,71,38,6669,sienna4
192,192,192,6677,silver
135,206,235,6684,skyblue
135,206,235,6693,SkyBlue
135,206,255,6701,SkyBlue1
126,192,238,6710,SkyBlue2
108,166,205,6719,SkyBlue3
74,112,139,6728,SkyBlue4
106,90,205,6737,slateblue
112,128,144,6748,slategray
112,128,144,6759,slategrey
106,90,205,6770,SlateBlue
131,111,255,6780,SlateBlue1
122,103,238,6791,SlateBlue2
105,89,205,6802,SlateBlue3
71,60,139,6813,SlateBlue4
112,128,144,6824,SlateGray
198,226,255,6834,SlateGray1
185,211,238,6845,SlateGray2
159,182,205,6856,SlateGray3
108,123,139,6867,SlateGray4
112,128,144,6878,SlateGrey
255,250,250,6888,snow
255,250,250,6893,snow1
238,233,233,6899,snow2
205,201,201,6905,snow3
139,137,137,6911,snow4
0,255,127,6917,springgreen
0,255,127,6930,SpringGreen
0,255,127,6942,SpringGreen1
0,238,118,6955,SpringGreen2
0,205,102,6968,SpringGreen3
0,139,69,6981,SpringGreen4
70,130,180,6994,steelblue
70,130,180,7005,SteelBlue
99,184,255,7015,SteelBlue1
92,172,238,7026,SteelBlue2
79,148,205,7037,SteelBlue3
54,100,139,7048,SteelBlue4
210,180,140,7059,tan
255,165,79,7063,tan1
238,154,73,7068,tan2
205,133,63,7073,tan3
139,90,43,7078,tan4
0,128,128,7083,teal
216,191,216,7088,thistle
255,225,255,7096,thistle1
238,210,238,7105,thistle2
205,181,205,7114,thistle3
139,123,139,7123,thistle4
255,99,71,7132,tomato
255,99,71,7139,tomato1
238,92,66,7147,tomato2
205,79,57,7155,tomato3
139,54,38,7163,tomato4
64,224,208,7171,turquoise
0,245,255,7181,turquoise1
0,229,238,7192,turquoise2
0,197,205,7203,turquoise3
0,134,139,7214,turquoise4
238,130,238,7225,violet
208,32,144,7232,violetred
208,32,144,7243,VioletRed
255,62,150,7253,VioletRed1
238,58,140,7264,VioletRed2
205,50,120,7275,VioletRed3
139,34,82,7286,VioletRed4
128,128,128,7297,webgray
0,128,0,7306,webgreen
128,128,128,7316,webgrey
128,0,0,7325,webmaroon
128,0,128,7336,webpurple
128,128,128,7347,WebGray
0,128,0,7355,WebGreen
128,128,128,7364,WebGrey
128,0,0,7372,WebMaroon
128,0,128,7382,WebPurple
245,222,179,7392,wheat
255,231,186,7398,wheat1
238,216,174,7405,wheat2
205,186,150,7412,wheat3
139,126,102,7419,wheat4
255,255,255,7426,white
245,245,245,7432,whitesmoke
245,245,245,7444,WhiteSmoke
190,190,190,7455,x11gray
0,255,0,7464,x11green
190,190,190,7474,x11grey
176,48,96,7483,x11maroon
160,32,240,7494,x11purple
190,190,190,7505,X11Gray
0,255,0,7513,X11Green
190,190,190,7522,X11Grey
176,48,96,7530,X11Maroon
160,32,240,7540,X11Purple
255,255,0,7550,yellow
154,205,50,7557,yellowgreen
255,255,0,7570,yellow1
238,238,0,7578,yellow2
205,205,0,7586,yellow3
139,139,0,7594,yellow4
154,205,50,7602,YellowGreen
